100
-58 234
84 728
56 47
-72 441
20 538
54 976
71 814
51 174
97 273
16 618
82 154
72 730
13 656
-93 225
-19 184
-59 603
-21 990
97 869
-75 220
65 633
-53 926
92 684
-64 388
46 446
45 426
-44 30
93 425
-81 24
56 340
89 125
58 568
-35 724
-69 420
-4 592
58 780
-88 867
-86 958
-9 502
32 541
-17 32
-55 118
-91 380
-64 954
78 582
8 605
-60 836
58 440
-18 643
92 771
-98 984
-81 698
-71 507
-26 792
29 335
6 265
-58 461
53 773
-83 841
27 597
-28 753
46 159
-15 213
6 690
-9 280
-65 558
-25 718
88 569
-5 936
10 166
27 978
76 516
-64 465
88 404
86 727
88 104
32 963
83 865
-17 800
-23 415
-4 330
-1 276
-98 270
-74 774
-65 445
89 528
-71 486
8 136
98 545
-75 50
73 743
-46 627
-64 321
91 826
-75 813
79 591
20 21
34 231
-17 85
15 796
38 267
