99
37 875
21 678
83 547
-96 704
91 830
6 730
-37 594
93 320
45 495
-97 710
-80 166
39 719
35 66
89 595
36 7
1 762
-92 963
32 909
36 314
7 653
31 318
99 613
33 211
88 507
24 94
-21 63
60 575
-45 968
60 177
-13 505
95 728
87 879
-22 532
-31 985
-43 376
54 450
-85 780
89 214
-90 294
31 525
6 302
-86 623
34 471
-48 632
23 92
-24 312
-22 380
92 944
58 942
-16 538
-69 760
-81 469
31 88
-92 651
-33 794
42 930
4 644
2 519
-74 911
38 40
88 903
1 844
92 679
-94 477
100 834
-60 408
-29 335
-19 343
13 152
56 25
-89 365
-76 79
-71 284
46 428
-67 853
-68 184
-35 410
-18 462
-50 713
-50 750
11 973
-92 732
67 411
76 125
74 299
-79 369
-84 171
45 107
-25 220
-94 140
28 548
83 147
-13 14
19 774
-81 708
40 733
-56 217
-15 849
-51 982
