100
-59 798
52 817
99 299
-88 768
-55 830
-49 349
57 766
-54 255
17 574
82 518
58 902
19 707
-65 51
37 451
62 491
22 926
47 133
-81 217
-84 25
20 602
-59 178
-36 370
-86 925
58 854
-72 759
-57 729
57 769
17 752
-1 599
39 435
-67 92
-93 209
-49 398
-14 644
-77 355
-11 82
-1 490
39 898
6 364
63 75
-61 386
4 298
57 778
-50 106
55 84
83 964
-33 686
51 979
-92 621
100 70
94 330
77 892
-9 440
21 755
-61 842
36 0
-6 18
-60 724
-5 573
78 982
-1 142
-42 199
-50 931
72 682
95 551
-13 852
-44 717
76 134
42 947
41 123
42 568
69 380
-2 930
-98 324
-29 359
-74 471
9 482
-41 50
4 957
86 104
6 635
74 666
55 340
89 512
84 401
98 184
-11 921
19 576
-21 526
53 619
-17 590
21 74
95 317
-27 699
44 894
7 182
10 678
70 927
50 118
41 858
