98
-33 839
-98 489
73 843
35 493
65 606
-44 662
-91 977
-18 668
-85 607
-68 261
-45 370
100 156
-33 456
78 342
40 640
74 32
-74 210
57 226
99 67
60 236
-4 621
45 24
-11 681
-63 414
37 619
-16 519
49 193
-52 343
24 584
-70 728
-23 902
58 99
72 52
-1 123
27 770
40 423
20 588
-28 826
-10 923
22 673
-59 23
-41 229
-89 545
21 234
3 514
-12 818
83 112
51 653
-51 75
50 796
88 971
75 638
69 860
-100 332
-64 303
74 554
38 241
82 499
-99 998
-86 49
88 442
13 797
57 574
100 568
70 729
-23 340
-37 864
25 785
-40 931
-79 858
-12 856
34 553
-98 878
-7 648
-96 643
88 824
71 765
27 798
-26 657
-10 207
-13 970
-27 507
-35 903
-41 501
53 15
37 233
8 562
-12 191
-1 666
61 944
22 169
93 836
31 496
81 95
-100 774
28 183
-41 119
-22 465
