99
-84 523
-22 489
-50 912
-76 776
66 102
-49 533
69 602
-6 338
91 857
14 213
98 169
69 881
-13 458
-3 463
4 554
-21 164
80 14
-20 772
70 649
61 502
-98 646
-49 31
-87 696
26 999
63 563
82 330
14 955
-85 373
-32 203
95 683
-20 100
67 142
9 770
8 0
68 716
-70 222
-63 399
-20 906
19 185
-89 124
-72 316
39 659
-19 294
78 690
25 591
70 679
71 302
16 123
94 13
-97 390
-85 894
97 908
42 30
68 728
-52 729
86 553
-24 539
95 289
-87 868
-8 854
12 409
-27 207
26 419
-87 896
-44 456
30 636
-8 226
14 594
-35 741
-81 519
15 942
-24 684
47 624
-66 645
-68 114
-32 119
-20 278
41 85
24 53
54 325
21 165
88 567
-50 81
78 481
-93 535
45 550
-86 973
-3 231
33 197
-87 957
51 292
-27 450
-37 152
81 779
-32 664
-83 917
-14 534
62 609
68 870
