99
-92 76
17 984
8 322
-65 709
-75 40
-3 767
-9 719
-52 968
39 194
67 60
-21 171
27 491
41 221
-14 296
61 793
14 953
45 7
32 765
57 90
42 933
84 88
-55 889
26 994
45 864
-3 745
27 942
21 898
55 886
87 809
-27 266
-63 453
15 673
-93 697
10 118
17 737
20 739
48 821
81 852
50 537
29 712
-43 904
-3 863
-82 591
-57 445
-94 829
-87 498
12 545
92 50
-44 827
-11 752
94 603
42 955
10 436
11 844
61 215
59 34
-31 430
62 686
-61 768
-95 112
78 570
40 970
-41 713
54 131
-34 239
-59 632
62 848
94 357
-91 882
44 744
-29 653
-63 228
60 332
76 75
11 804
-81 631
-10 84
-22 724
-55 113
-6 163
-68 962
27 12
-41 350
-87 393
41 990
-97 422
-65 328
-67 484
-5 601
-30 759
-82 798
38 378
-20 89
91 71
12 457
-83 812
-49 905
79 27
-31 439
