100
34 527
-28 406
-93 519
-39 808
41 902
48 212
73 44
51 209
-96 801
5 438
-67 277
-43 473
-28 928
-27 609
79 437
-13 183
-76 299
-84 506
-24 118
-30 715
-82 146
76 781
-93 805
-86 182
50 91
11 936
42 316
-27 919
-42 39
43 719
-84 974
37 712
-46 65
-61 722
-39 479
-4 732
23 876
11 667
-54 601
95 771
-84 988
-88 338
90 615
55 938
69 20
86 141
-38 526
-71 793
8 434
83 636
69 673
35 961
12 755
7 927
71 164
38 233
97 671
62 244
-79 378
78 409
85 569
-20 635
-78 584
-5 181
77 501
-3 549
-67 394
67 989
-26 360
58 657
9 293
-98 517
75 713
-70 168
95 148
-32 353
-22 144
82 355
-40 252
-10 691
5 205
-49 611
-54 489
38 593
-28 304
63 964
80 388
-21 452
23 529
31 219
-19 350
-11 158
-63 531
19 717
-83 816
23 54
-58 854
70 482
-70 196
-96 161
