100
1 415
71 616
94 321
-70 706
38 54
8 671
78 606
-65 629
-90 131
-88 812
80 416
22 718
-67 994
-15 21
98 856
-79 288
52 903
-65 910
-87 213
41 981
96 972
-76 490
71 17
14 953
49 256
-95 24
-91 99
31 128
67 238
35 382
28 278
61 144
49 412
24 161
80 300
30 551
93 369
-67 80
-50 695
-71 948
17 925
27 842
-62 766
-26 934
71 639
26 302
12 180
9 496
15 619
-36 2
-1 243
69 911
-31 654
-13 902
5 291
-58 719
7 580
60 589
-33 465
21 455
-23 239
75 909
-66 741
41 767
31 241
66 304
98 608
-4 887
-19 849
-77 209
16 15
96 916
-27 626
-53 927
-1 995
-31 638
58 406
99 444
23 207
-22 559
57 518
63 789
-75 204
-58 621
90 360
-65 760
-7 703
-99 4
-37 715
-73 460
-69 387
-52 641
-40 723
82 295
32 152
-37 272
-14 503
-79 147
79 156
-45 600
