100
35 933
-66 281
-7 967
-93 563
41 189
-79 164
-11 855
-28 22
55 936
92 685
-86 149
20 35
-14 174
-52 881
-79 621
-18 942
54 205
-57 672
-93 926
68 244
-97 349
-19 321
-2 729
-34 749
-26 340
-29 88
-22 356
88 382
78 316
-97 456
88 781
-80 683
15 928
3 656
-6 65
70 92
52 592
-62 754
-61 778
57 470
-95 595
-40 296
-6 775
6 550
-65 355
67 554
56 33
56 987
-90 511
-15 845
-87 717
7 188
100 80
-10 178
-87 638
44 280
45 804
-55 690
37 192
7 381
76 571
-39 69
74 828
-12 755
71 911
-32 919
-85 317
-32 163
-29 943
-97 889
91 553
-35 642
-14 434
52 240
23 172
24 640
58 100
-9 537
64 576
-3 304
43 421
-77 57
-46 908
-62 625
-84 876
43 929
30 874
-5 19
50 580
53 81
-91 68
35 319
21 138
56 805
73 56
-27 237
-50 191
66 110
95 490
-97 789
