100
-21 539
81 267
33 771
86 99
-32 356
77 870
18 689
-37 23
51 517
-89 422
3 421
-94 362
-11 414
-11 980
-78 178
-37 50
-76 446
62 603
10 614
-92 435
-66 902
25 358
-58 973
45 525
-81 78
69 781
58 873
29 199
-3 204
-53 233
-53 776
-13 117
-73 959
90 285
88 609
87 839
-6 955
97 739
-61 77
-58 402
-20 383
-52 576
13 649
-53 813
66 348
44 653
89 480
-43 492
53 210
76 389
29 205
79 599
-72 357
-2 932
70 957
-8 410
-100 454
7 897
62 121
14 263
-5 162
-81 564
23 112
57 975
89 15
36 298
17 697
52 960
43 120
93 476
82 82
-68 540
65 905
-22 956
29 264
40 217
44 809
57 113
90 142
-56 883
-84 598
25 735
17 433
-64 444
-2 182
-87 901
-82 991
-82 634
5 394
96 544
49 279
41 425
33 16
-21 942
100 292
52 30
-33 136
57 587
92 340
65 644
