100
16 258
1 608
-42 1208
-39 9938
-66 2781
-35 3494
-62 2229
-15 8625
-16 3289
23 7491
6 9909
29 5246
96 9959
26 433
-65 1624
90 3623
5 264
-32 5866
-11 3978
17 9547
4 4144
-68 9492
-94 1154
1 6935
-59 2668
51 4266
-37 926
15 5019
-27 468
70 9247
79 9026
78 4964
80 7516
-86 2266
-34 6352
74 820
-18 645
91 6256
76 8398
-45 1544
3 2859
40 8122
-39 5558
30 8548
5 6220
14 8615
-16 6175
-26 9400
21 2143
1 1393
-100 2835
-35 5433
-99 6370
27 6271
-55 3974
-98 2928
66 3191
-37 3612
47 9044
-61 8377
-100 3112
-95 8993
11 603
7 585
54 1050
65 6618
-42 5542
-33 5197
-73 5888
-68 3234
27 6006
19 9070
-38 1022
-92 7687
55 6383
-91 5279
-93 4368
-54 3068
53 3584
64 4059
-64 3309
49 4639
-45 2496
80 3280
-60 4847
-35 2659
-99 7290
-95 9260
-31 9700
-9 3673
70 5327
59 788
69 9121
-13 9423
93 6872
76 2679
44 9830
60 5821
74 6337
73 206
