99
-82 9598
-60 2894
61 1607
-88 1889
82 795
92 7605
-56 5944
-61 9719
86 7161
8 9015
-68 4222
73 7078
-70 9139
-48 4228
-87 5253
-91 371
11 2241
95 9732
17 977
-100 5956
88 9623
-15 1600
95 8455
67 3455
4 4906
7 2480
-73 744
60 8855
42 5259
-80 5183
86 2553
95 9584
80 786
35 2812
97 9220
-24 2972
93 638
43 7148
85 3148
42 596
11 3151
92 515
-61 8493
18 789
42 8604
10 9691
-6 144
-94 8221
-40 298
-22 1974
50 176
-11 8054
84 5983
89 3921
20 2520
-29 688
80 6098
13 6905
91 7926
-19 2066
-98 2303
-34 5992
44 9943
-62 6854
97 6435
-75 3799
-19 791
-99 3077
-61 7925
41 3107
-19 7106
64 4419
82 8970
100 9882
-11 5593
3 1252
86 1431
-57 7326
76 3247
-96 1304
-82 6567
-94 3365
-65 5046
55 5392
-93 9407
-76 9069
-26 8258
-24 1645
-76 9603
-70 2800
67 4629
-81 7836
-16 8618
-68 9922
63 6410
67 5451
32 9299
-8 2150
88 4545
