99
12 6525
55 2770
-34 9657
-22 7562
-4 7660
-11 7153
-6 5350
63 731
-4 883
-14 7560
-48 6685
32 2478
91 6504
-40 8693
3 773
77 785
-1 748
-79 2062
24 100
5 4232
89 1947
-68 3831
16 7639
87 8913
-16 8709
84 5737
87 8193
-68 2627
-57 6434
-89 4731
-23 9306
11 7905
-30 8860
-71 3284
36 5374
-85 6587
-12 8948
97 6295
79 1401
-67 8903
43 5312
-45 8066
97 769
-41 5017
22 1996
3 6622
-40 6650
61 1398
90 5087
-11 1813
90 5219
65 3622
-51 3126
49 2048
93 7762
52 6053
100 1620
84 5799
74 9963
78 537
48 8490
-19 1327
-42 8189
95 9389
-30 2701
86 3191
63 130
-24 6981
-53 1562
75 6870
-83 8773
55 8943
-87 4329
45 6110
25 3105
-89 4095
-99 4635
100 8646
-60 71
-66 7881
-93 5815
-50 9537
74 4819
25 2397
-43 1339
82 6972
24 873
41 1550
18 4078
93 128
7 1532
-37 4139
65 6523
-50 1055
-35 1809
50 2729
49 8443
-43 3372
46 3634
