100
74 9584
-54 4819
5 886
35 6902
31 4253
-59 7298
33 5886
-75 9339
9 8620
-44 4629
82 2679
29 6700
-75 5043
86 4185
-18 7736
-30 6225
-22 9505
17 7220
82 7053
21 7908
-85 1030
-95 538
-18 8220
-84 3262
-74 8995
35 4753
26 1367
-39 157
50 8496
-21 9771
-24 7871
74 8338
-23 9409
-99 6368
51 2332
-63 2631
27 3644
45 5994
38 6895
-83 2566
-40 9297
98 4541
-6 308
-17 7045
-56 947
91 2249
-41 1590
15 7149
29 4148
-35 9160
-75 4892
46 878
27 1397
75 853
-60 1318
-93 4523
51 1918
27 4156
-32 9134
93 8819
21 1313
-74 226
20 914
80 4056
-81 7178
-41 3933
-26 4457
-48 5853
-46 8815
-87 6667
78 4347
-73 8203
-45 3298
-5 250
-93 7631
-15 8594
36 2306
91 4194
5 3464
40 5865
-81 4209
-86 1730
-81 2136
61 524
45 1714
27 9361
-58 7729
93 3817
92 6228
-75 3760
85 7896
-50 3119
18 8683
-93 6952
20 2255
77 7449
-95 2099
71 5209
78 9473
50 8992
