100
-8 5454
-22 5571
-24 4131
95 5236
-12 6740
-74 4605
-98 501
34 3104
-74 3453
-9 2827
79 6483
-81 9808
-14 5312
47 3997
5 2693
-79 9616
-31 1055
51 3069
98 1887
-99 2003
-83 8726
22 1927
-50 9198
12 2301
92 9169
-82 6519
-31 9682
39 7218
-87 8824
55 3873
-45 1634
-47 2990
-8 6530
-43 2327
-7 6887
-57 4446
-81 6378
66 7602
-43 8072
-66 4836
-35 6518
28 3454
46 5157
57 7259
-18 7928
29 9570
-56 9937
-54 5821
-73 5231
-42 7134
-71 5788
-60 8331
9 7202
-91 1
70 8628
49 1590
-21 2129
56 4569
26 3053
-19 5510
-68 3565
-14 3478
34 3285
-15 2743
-48 217
9 9056
25 5500
-77 8486
48 967
77 5584
-36 957
-9 2153
-99 4956
76 5257
-64 2552
39 1812
-2 5501
-57 9671
5 7398
-43 5987
-62 3699
13 8465
-10 9409
86 2345
-65 1665
-69 1707
43 574
47 306
-38 3321
86 9335
11 4137
92 1804
46 7414
30 472
-45 6127
-90 737
-66 8189
17 1053
69 1360
71 5623
