Forma Interna a Programului:
2
28
29
35
38
[0, 1000]
35
4
[0, 1001]
34
[0, 1002]
27
4
[0, 1003]
27
36
[0, 1004]
34
[0, 1005]
34
[0, 1006]
27
38
[0, 1007]
35
4
[0, 1008]
34
[0, 1009]
27
36
[0, 1010]
27
8
28
[1, 1011]
29
27
8
28
10
34
[0, 1012]
29
27
8
28
10
34
[0, 1013]
29
27
8
28
10
34
[0, 1014]
29
27
4
[0, 1015]
18
[1, 1016]
27
5
28
[0, 1012]
20
[1, 1017]
29
35
8
28
[1, 1018]
29
27
[0, 1015]
18
[1, 1019]
27
36
27
5
28
[0, 1013]
20
[1, 1016]
23
[0, 1013]
19
[1, 1020]
29
35
8
28
[1, 1021]
29
27
[0, 1015]
18
[1, 1019]
27
36
27
5
28
[0, 1014]
20
[1, 1016]
23
[0, 1014]
19
[1, 1022]
29
35
8
28
[1, 1023]
29
27
[0, 1015]
18
[1, 1019]
27
36
27
5
28
[0, 1015]
17
[1, 1016]
22
[0, 1015]
17
[1, 1016]
29
35
8
28
[1, 1024]
29
27
36
27
4
[0, 1008]
18
[1, 1025]
27
8
28
10
34
[0, 1008]
29
27
36
