Forma Interna a Programului:
2
28
29
35
4
[0, 1000]
34
[0, 1001]
34
[0, 1002]
34
[0, 1003]
34
[0, 1004]
34
[0, 1005]
34
[0, 1006]
34
[0, 1007]
34
[0, 1008]
34
[0, 1009]
34
[0, 1010]
27
[0, 1000]
18
[1, 1011]
27
[0, 1001]
18
[1, 1012]
27
[0, 1002]
18
[0, 1000]
24
[0, 1001]
27
[0, 1003]
18
[0, 1000]
25
[0, 1001]
27
[0, 1004]
18
[0, 1000]
26
[0, 1001]
27
[0, 1005]
18
[0, 1000]
26
[1, 1013]
27
[0, 1006]
18
[1, 1013]
26
[0, 1001]
27
[0, 1007]
18
[0, 1001]
24
[1, 1012]
27
[0, 1008]
18
[1, 1012]
24
[0, 1001]
27
[0, 1009]
18
[0, 1001]
25
[1, 1012]
27
[0, 1010]
18
[1, 1012]
25
[0, 1001]
27
8
28
10
34
[0, 1002]
29
27
8
28
39
29
27
8
28
10
34
[0, 1003]
29
27
8
28
39
29
27
8
28
10
34
[0, 1004]
29
27
8
28
39
29
27
8
28
10
34
[0, 1005]
29
27
8
28
39
29
27
8
28
10
34
[0, 1006]
29
27
8
28
39
29
27
8
28
10
34
[0, 1007]
29
27
8
28
39
29
27
8
28
10
34
[0, 1008]
29
27
8
28
39
29
27
8
28
10
34
[0, 1009]
29
27
8
28
39
29
27
8
28
10
34
[0, 1010]
29
27
36
